,AmazonCounterfactualClassification,AmazonPolarityClassification,AmazonReviewsClassification,Banking77Classification,EmotionClassification,ImdbClassification,MassiveIntentClassification,MassiveScenarioClassification,MTOPDomainClassification,MTOPIntentClassification,ToxicConversationsClassification,TweetSentimentExtractionClassification,ArxivClusteringP2P,ArxivClusteringS2S,BiorxivClusteringP2P,BiorxivClusteringS2S,MedrxivClusteringP2P,MedrxivClusteringS2S,RedditClustering,RedditClusteringP2P,StackExchangeClustering,StackExchangeClusteringP2P,TwentyNewsgroupsClustering,SprintDuplicateQuestions,TwitterSemEval2015,TwitterURLCorpus,AskUbuntuDupQuestions,MindSmallReranking,SciDocsRR,StackOverflowDupQuestions,ArguAna,ClimateFEVER,CQADupstackAndroidRetrieval,CQADupstackEnglishRetrieval,CQADupstackGamingRetrieval,CQADupstackGisRetrieval,CQADupstackMathematicaRetrieval,CQADupstackPhysicsRetrieval,CQADupstackProgrammersRetrieval,CQADupstackStatsRetrieval,CQADupstackTexRetrieval,CQADupstackUnixRetrieval,CQADupstackWebmastersRetrieval,CQADupstackWordpressRetrieval,DBPedia,FEVER,FiQA2018,HotpotQA,MSMARCO,NFCorpus,NQ,QuoraRetrieval,SCIDOCS,SciFact,Touche2020,TRECCOVID,BIOSSES,SICK-R,STS12,STS13,STS14,STS15,STS16,STS17,STS22,STSBenchmark,SummEval
AmazonCounterfactualClassification,0.9999998807907104,0.9725366830825806,0.8517286777496338,0.901214599609375,0.8986697196960449,0.9143805503845215,0.915182888507843,0.915182888507843,0.9136463403701782,0.9136463403701782,0.9268499612808228,0.9379464387893677,0.9061737060546875,0.9226172566413879,0.8816869854927063,0.9111778140068054,0.8716050982475281,0.8851615786552429,0.9361067414283752,0.9444894790649414,0.9205214381217957,0.8694825768470764,0.927936851978302,0.7448422908782959,0.8848876357078552,0.9181852340698242,0.8771646618843079,0.8432382345199585,0.9121214151382446,0.8809256553649902,0.9206087589263916,0.8687456250190735,0.8753382563591003,0.9054211974143982,0.9050220847129822,0.8575048446655273,0.8769376277923584,0.8788719773292542,0.8834834098815918,0.8732110261917114,0.8720847964286804,0.8778753876686096,0.8800479173660278,0.8742043972015381,0.8960760831832886,0.8687456250190735,0.9194890260696411,0.8983748555183411,0.9003165364265442,0.8930765986442566,0.9119835495948792,0.9182446002960205,0.889691174030304,0.892997145652771,0.9215371608734131,0.8833832144737244,0.8625791668891907,0.8299649357795715,0.9155313968658447,0.9190161824226379,0.9440998435020447,0.9286789298057556,0.9331569671630859,0.908374547958374,0.8873857855796814,0.933322012424469,0.9260546565055847
AmazonPolarityClassification,0.9725366830825806,1.0000001192092896,0.8430818319320679,0.8914044499397278,0.8869525194168091,0.9380159974098206,0.9221842288970947,0.9221842288970947,0.9159311652183533,0.9159311652183533,0.9314469695091248,0.9369900822639465,0.9092541337013245,0.9261904954910278,0.8834359645843506,0.9139003753662109,0.8740972876548767,0.8870366811752319,0.9363611340522766,0.9457828998565674,0.9190340638160706,0.8677751421928406,0.9307129383087158,0.7418009638786316,0.8866813778877258,0.9222720861434937,0.8745728135108948,0.8573817014694214,0.9169661998748779,0.8784961700439453,0.911296546459198,0.8777851462364197,0.8737571239471436,0.9069114327430725,0.9039636254310608,0.8530020713806152,0.874477207660675,0.8754789233207703,0.8846838474273682,0.870514988899231,0.8698432445526123,0.8746495246887207,0.8826687932014465,0.8705847859382629,0.9033768773078918,0.8777851462364197,0.91923987865448,0.9041053652763367,0.9071121215820312,0.8932070136070251,0.9180147051811218,0.922761857509613,0.8992704749107361,0.8951342701911926,0.9281871914863586,0.8897658586502075,0.8574753999710083,0.8390056490898132,0.915518581867218,0.9148537516593933,0.93932044506073,0.9213941097259521,0.9270878434181213,0.904332160949707,0.8904899954795837,0.9300788640975952,0.924091637134552
AmazonReviewsClassification,0.8517286777496338,0.8430818319320679,1.0,0.8274011611938477,0.8377322554588318,0.8060175180435181,0.8927789330482483,0.8927789330482483,0.8721326589584351,0.8721326589584351,0.8651610612869263,0.8857579231262207,0.8268718719482422,0.8719925284385681,0.8097570538520813,0.8545474410057068,0.8083184361457825,0.8327248692512512,0.8771207332611084,0.8643344044685364,0.8922589421272278,0.7934136986732483,0.8788571953773499,0.6903976202011108,0.829818844795227,0.8436835408210754,0.8549239039421082,0.7972355484962463,0.8631322979927063,0.8426644802093506,0.8367676734924316,0.8256171345710754,0.7958477735519409,0.8322862386703491,0.8206374049186707,0.7885207533836365,0.7998864650726318,0.8036501407623291,0.8091654181480408,0.7987720966339111,0.8001028299331665,0.8078638315200806,0.8033185601234436,0.7957671284675598,0.857245147228241,0.8256171345710754,0.8700592517852783,0.861984133720398,0.8672728538513184,0.8301711678504944,0.8646405339241028,0.8830270767211914,0.8478741645812988,0.831039309501648,0.8493306040763855,0.8365864753723145,0.797872006893158,0.8078639507293701,0.8909081220626831,0.8852756023406982,0.8971998691558838,0.8883463144302368,0.8896051645278931,0.8645649552345276,0.9054290056228638,0.8723177313804626,0.8509836196899414
Banking77Classification,0.901214599609375,0.8914044499397278,0.8274011611938477,1.0000001192092896,0.8723608255386353,0.8470839262008667,0.9069743156433105,0.9069743156433105,0.9206961393356323,0.9206961393356323,0.8975388407707214,0.9144454002380371,0.8722931742668152,0.896972119808197,0.8474944233894348,0.8749076724052429,0.8394017219543457,0.8544522523880005,0.9231041669845581,0.925590991973877,0.9119146466255188,0.8638715744018555,0.9062290787696838,0.7831484079360962,0.8524944186210632,0.8785852193832397,0.8910298943519592,0.8121806979179382,0.8894634246826172,0.8714233040809631,0.868624746799469,0.8610327243804932,0.891751766204834,0.8907471895217896,0.9007715582847595,0.8569079041481018,0.8734966516494751,0.866807758808136,0.8690007328987122,0.8641847968101501,0.860200822353363,0.8753891587257385,0.8771096467971802,0.8702175617218018,0.8732821941375732,0.8610327243804932,0.9026527404785156,0.8878933191299438,0.9106489419937134,0.8546255826950073,0.8853597640991211,0.9191234707832336,0.85566246509552,0.8536851406097412,0.8839954733848572,0.8441707491874695,0.8158388733863831,0.8224376440048218,0.9016413688659668,0.8994392156600952,0.9188550710678101,0.903643786907196,0.9121543169021606,0.8826841711997986,0.8817184567451477,0.9049835801124573,0.8948301672935486
EmotionClassification,0.8986697196960449,0.8869525194168091,0.8377322554588318,0.8723608255386353,0.9999998807907104,0.8484991192817688,0.8875608444213867,0.8875608444213867,0.8829092979431152,0.8829092979431152,0.8891539573669434,0.9219067692756653,0.8317292332649231,0.8686325550079346,0.8193415999412537,0.8483346104621887,0.8102065920829773,0.8282783031463623,0.9020230770111084,0.9169633984565735,0.8777654767036438,0.8238407969474792,0.8720272779464722,0.7159684896469116,0.8473405838012695,0.8711422085762024,0.8389461040496826,0.8027688264846802,0.8528178930282593,0.8284692168235779,0.8480105400085449,0.8250551819801331,0.8178394436836243,0.8577408790588379,0.847434937953949,0.7987120747566223,0.8172357678413391,0.8205375075340271,0.8239988684654236,0.8105478286743164,0.8049406409263611,0.8208318948745728,0.8235769867897034,0.8167813420295715,0.8425841331481934,0.8250551819801331,0.8733782172203064,0.8516587615013123,0.8590372204780579,0.840248167514801,0.8614929914474487,0.8839017748832703,0.8242060542106628,0.8306145071983337,0.8763502836227417,0.8282589912414551,0.7966073751449585,0.8122089505195618,0.8802585005760193,0.8810560703277588,0.9074888229370117,0.8856732845306396,0.9061300754547119,0.8690868020057678,0.8543643951416016,0.8943052887916565,0.8744396567344666
ImdbClassification,0.9143805503845215,0.9380159974098206,0.8060175180435181,0.8470839262008667,0.8484991192817688,0.9999999403953552,0.8814461827278137,0.8814461827278137,0.8795197010040283,0.8795197010040283,0.8966728448867798,0.8972986340522766,0.8641327023506165,0.8861985206604004,0.8488188982009888,0.8755455613136292,0.8384004235267639,0.8527776598930359,0.8933579325675964,0.9051699042320251,0.8781872391700745,0.8293363451957703,0.8849860429763794,0.6948404908180237,0.8515918254852295,0.8860101699829102,0.8357095718383789,0.8353019952774048,0.877151370048523,0.8337087631225586,0.8854134678840637,0.839382529258728,0.8364291787147522,0.8700346946716309,0.8654309511184692,0.8066450357437134,0.8283482193946838,0.8346224427223206,0.8459446430206299,0.8239307999610901,0.8178578019142151,0.8369230031967163,0.8369060158729553,0.825982391834259,0.8585302829742432,0.839382529258728,0.8759719133377075,0.8769184350967407,0.8686230182647705,0.8685956597328186,0.8820010423660278,0.8861343860626221,0.8516706228256226,0.8627360463142395,0.8969246745109558,0.8567239046096802,0.8268139362335205,0.8363828063011169,0.8844971656799316,0.8787712454795837,0.9043587446212769,0.8874390721321106,0.8882074952125549,0.8814995884895325,0.8508477807044983,0.9050480723381042,0.9031330347061157
MassiveIntentClassification,0.915182888507843,0.9221842288970947,0.8927789330482483,0.9069743156433105,0.8875608444213867,0.8814461827278137,0.9999998807907104,0.9999998807907104,0.9750701189041138,0.9750701189041138,0.9595458507537842,0.9734818339347839,0.8967283368110657,0.9652600884437561,0.8725947141647339,0.9290119409561157,0.8716907501220703,0.9026644825935364,0.9533762335777283,0.9527404308319092,0.9526662826538086,0.9006844758987427,0.9625997543334961,0.7721297740936279,0.9069065451622009,0.9225729703903198,0.921728789806366,0.8853965401649475,0.9450154900550842,0.9193835258483887,0.9042443037033081,0.9111378788948059,0.8964847922325134,0.9208599328994751,0.9270387291908264,0.8749427199363708,0.8865760564804077,0.8897450566291809,0.8953050374984741,0.8811706304550171,0.8818027973175049,0.8984538316726685,0.897138774394989,0.8913282155990601,0.9272512793540955,0.9111378788948059,0.9463034868240356,0.9470813274383545,0.9404415488243103,0.8946558833122253,0.9522876143455505,0.9682824611663818,0.9068668484687805,0.8946090340614319,0.9345963597297668,0.8986713886260986,0.8533274531364441,0.8902477025985718,0.9739812016487122,0.9600082635879517,0.9729264974594116,0.9575598835945129,0.9471473097801208,0.9507492780685425,0.9367305040359497,0.9577158689498901,0.9361376762390137
MassiveScenarioClassification,0.915182888507843,0.9221842288970947,0.8927789330482483,0.9069743156433105,0.8875608444213867,0.8814461827278137,0.9999998807907104,0.9999998807907104,0.9750701189041138,0.9750701189041138,0.9595458507537842,0.9734818339347839,0.8967283368110657,0.9652600884437561,0.8725947141647339,0.9290119409561157,0.8716907501220703,0.9026644825935364,0.9533762335777283,0.9527404308319092,0.9526662826538086,0.9006844758987427,0.9625997543334961,0.7721297740936279,0.9069065451622009,0.9225729703903198,0.921728789806366,0.8853965401649475,0.9450154900550842,0.9193835258483887,0.9042443037033081,0.9111378788948059,0.8964847922325134,0.9208599328994751,0.9270387291908264,0.8749427199363708,0.8865760564804077,0.8897450566291809,0.8953050374984741,0.8811706304550171,0.8818027973175049,0.8984538316726685,0.897138774394989,0.8913282155990601,0.9272512793540955,0.9111378788948059,0.9463034868240356,0.9470813274383545,0.9404415488243103,0.8946558833122253,0.9522876143455505,0.9682824611663818,0.9068668484687805,0.8946090340614319,0.9345963597297668,0.8986713886260986,0.8533274531364441,0.8902477025985718,0.9739812016487122,0.9600082635879517,0.9729264974594116,0.9575598835945129,0.9471473097801208,0.9507492780685425,0.9367305040359497,0.9577158689498901,0.9361376762390137
MTOPDomainClassification,0.9136463403701782,0.9159311652183533,0.8721326589584351,0.9206961393356323,0.8829092979431152,0.8795197010040283,0.9750701189041138,0.9750701189041138,1.000000238418579,1.000000238418579,0.9477394223213196,0.9620302319526672,0.8916090726852417,0.9507513046264648,0.8692935109138489,0.9198922514915466,0.8673161864280701,0.8943023681640625,0.9499332308769226,0.9520930647850037,0.9415560960769653,0.8926861882209778,0.9499171376228333,0.7859740853309631,0.9024993777275085,0.9156029224395752,0.9076282382011414,0.8778815865516663,0.9327757358551025,0.9088919162750244,0.8972400426864624,0.8968261480331421,0.900844395160675,0.917822539806366,0.922167956829071,0.8686424493789673,0.8871181607246399,0.8848662972450256,0.8901574015617371,0.8792017698287964,0.8758128881454468,0.892038881778717,0.8904502391815186,0.8847219944000244,0.9200598001480103,0.8968261480331421,0.9321253299713135,0.9370198249816895,0.9469432234764099,0.8838071823120117,0.9368411898612976,0.956068754196167,0.8929500579833984,0.8861535787582397,0.9225219488143921,0.8865776658058167,0.8508256077766418,0.8823556900024414,0.9523103833198547,0.9431838989257812,0.960503101348877,0.9454217553138733,0.9361295700073242,0.9454723000526428,0.918997585773468,0.9517570734024048,0.932615339756012
MTOPIntentClassification,0.9136463403701782,0.9159311652183533,0.8721326589584351,0.9206961393356323,0.8829092979431152,0.8795197010040283,0.9750701189041138,0.9750701189041138,1.000000238418579,1.000000238418579,0.9477394223213196,0.9620302319526672,0.8916090726852417,0.9507513046264648,0.8692935109138489,0.9198922514915466,0.8673161864280701,0.8943023681640625,0.9499332308769226,0.9520930647850037,0.9415560960769653,0.8926861882209778,0.9499171376228333,0.7859740853309631,0.9024993777275085,0.9156029224395752,0.9076282382011414,0.8778815865516663,0.9327757358551025,0.9088919162750244,0.8972400426864624,0.8968261480331421,0.900844395160675,0.917822539806366,0.922167956829071,0.8686424493789673,0.8871181607246399,0.8848662972450256,0.8901574015617371,0.8792017698287964,0.8758128881454468,0.892038881778717,0.8904502391815186,0.8847219944000244,0.9200598001480103,0.8968261480331421,0.9321253299713135,0.9370198249816895,0.9469432234764099,0.8838071823120117,0.9368411898612976,0.956068754196167,0.8929500579833984,0.8861535787582397,0.9225219488143921,0.8865776658058167,0.8508256077766418,0.8823556900024414,0.9523103833198547,0.9431838989257812,0.960503101348877,0.9454217553138733,0.9361295700073242,0.9454723000526428,0.918997585773468,0.9517570734024048,0.932615339756012
ToxicConversationsClassification,0.9268499612808228,0.9314469695091248,0.8651610612869263,0.8975388407707214,0.8891539573669434,0.8966728448867798,0.9595458507537842,0.9595458507537842,0.9477394223213196,0.9477394223213196,1.0,0.9791338443756104,0.8923237323760986,0.9557365775108337,0.8709883689880371,0.9188441038131714,0.871146023273468,0.8937941193580627,0.9509134292602539,0.9578840732574463,0.939154326915741,0.8850978016853333,0.9539644122123718,0.7365511655807495,0.9154583811759949,0.9275434613227844,0.8940021991729736,0.88185054063797,0.9295150637626648,0.8942537307739258,0.9117645025253296,0.8989847898483276,0.8807247281074524,0.9173315763473511,0.9148895144462585,0.8601332306861877,0.8703606724739075,0.8878904581069946,0.8843247294425964,0.8718209862709045,0.8644421100616455,0.8797895312309265,0.8873119354248047,0.8789352178573608,0.9204174280166626,0.8989847898483276,0.9462225437164307,0.9388979077339172,0.9315915107727051,0.8950788378715515,0.9423636198043823,0.9756679534912109,0.8898159265518188,0.8889317512512207,0.9373823404312134,0.8933861255645752,0.8529271483421326,0.8919810056686401,0.9546875357627869,0.9443492889404297,0.968707799911499,0.9534297585487366,0.9462233185768127,0.9519502520561218,0.9268797636032104,0.9642019867897034,0.9413120746612549
TweetSentimentExtractionClassification,0.9379464387893677,0.9369900822639465,0.8857579231262207,0.9144454002380371,0.9219067692756653,0.8972986340522766,0.9734818339347839,0.9734818339347839,0.9620302319526672,0.9620302319526672,0.9791338443756104,0.9999998807907104,0.8941646814346313,0.9579667448997498,0.8712595701217651,0.9201945066452026,0.8699737787246704,0.89603590965271,0.9627991318702698,0.9685115814208984,0.9449712634086609,0.8842088580131531,0.957473874092102,0.7514926791191101,0.9206107258796692,0.9304682612419128,0.9066123366355896,0.8845974802970886,0.9322013854980469,0.902407705783844,0.9012815952301025,0.9066250324249268,0.8804208636283875,0.9191873669624329,0.9144876003265381,0.8603336215019226,0.8727058172225952,0.8835071921348572,0.8789454698562622,0.8683345913887024,0.8654515743255615,0.8802311420440674,0.8835926055908203,0.8761081099510193,0.9267283082008362,0.9066250324249268,0.9446496963500977,0.9437984228134155,0.9354615807533264,0.8943512439727783,0.9478681683540344,0.9679496884346008,0.8895792961120605,0.8876237869262695,0.9310782551765442,0.8951513767242432,0.8504247069358826,0.8916918635368347,0.9640517830848694,0.952302873134613,0.9752659201622009,0.960588812828064,0.9546923041343689,0.9575697183609009,0.9292759299278259,0.9668652415275574,0.9422594308853149
ArxivClusteringP2P,0.9061737060546875,0.9092541337013245,0.8268718719482422,0.8722931742668152,0.8317292332649231,0.8641327023506165,0.8967283368110657,0.8967283368110657,0.8916090726852417,0.8916090726852417,0.8923237323760986,0.8941646814346313,1.0000001192092896,0.9296634197235107,0.9502661228179932,0.9453719854354858,0.9198501706123352,0.9335336685180664,0.9047669172286987,0.9180348515510559,0.9226759076118469,0.8873042464256287,0.9214056134223938,0.7285578846931458,0.849682629108429,0.8937832117080688,0.8850733637809753,0.8498433828353882,0.942658007144928,0.8952110409736633,0.9187605381011963,0.8781493902206421,0.8702689409255981,0.9049964547157288,0.8932080864906311,0.8815957903862,0.9128819108009338,0.9258798360824585,0.9027954936027527,0.916979193687439,0.9049314856529236,0.8934173583984375,0.8883233666419983,0.8882037997245789,0.9017259478569031,0.8781493902206421,0.9082144498825073,0.9008392095565796,0.8916330933570862,0.9167720675468445,0.910786509513855,0.9078540205955505,0.9503505229949951,0.9326635599136353,0.9119592308998108,0.9338494539260864,0.9067458510398865,0.8065285086631775,0.8979881405830383,0.912732720375061,0.9206886291503906,0.9100639820098877,0.9006866812705994,0.8714514374732971,0.8883957266807556,0.8937532901763916,0.9103951454162598
ArxivClusteringS2S,0.9226172566413879,0.9261904954910278,0.8719925284385681,0.896972119808197,0.8686325550079346,0.8861985206604004,0.9652600884437561,0.9652600884437561,0.9507513046264648,0.9507513046264648,0.9557365775108337,0.9579667448997498,0.9296634197235107,1.0000001192092896,0.8961361050605774,0.9565531611442566,0.8940218091011047,0.9300719499588013,0.9504541754722595,0.9541244506835938,0.9593493342399597,0.9132787585258484,0.9759801030158997,0.7547072768211365,0.9124619960784912,0.9184166789054871,0.9116992354393005,0.8834333419799805,0.9691587686538696,0.9220894575119019,0.9125237464904785,0.9121813178062439,0.8931977152824402,0.9257218837738037,0.9272482991218567,0.888041615486145,0.9053133130073547,0.9213353395462036,0.9087139964103699,0.9069965481758118,0.8965097069740295,0.9025301933288574,0.9069535732269287,0.8937448859214783,0.9494740962982178,0.9121813178062439,0.947498619556427,0.956941545009613,0.9396511316299438,0.9095065593719482,0.9639177918434143,0.9652320742607117,0.9295390248298645,0.9176734685897827,0.9311457872390747,0.9181896448135376,0.8817151784896851,0.8841482996940613,0.9600266218185425,0.9491159915924072,0.9618067741394043,0.9499640464782715,0.9319314360618591,0.942611038684845,0.933143138885498,0.949581503868103,0.9360114932060242
BiorxivClusteringP2P,0.8816869854927063,0.8834359645843506,0.8097570538520813,0.8474944233894348,0.8193415999412537,0.8488188982009888,0.8725947141647339,0.8725947141647339,0.8692935109138489,0.8692935109138489,0.8709883689880371,0.8712595701217651,0.9502661228179932,0.8961361050605774,0.9999998211860657,0.9384621381759644,0.956779956817627,0.9311316013336182,0.8793036341667175,0.8974093794822693,0.8921758532524109,0.8562670350074768,0.8946423530578613,0.7087208032608032,0.8287373781204224,0.8686756491661072,0.8585236072540283,0.8195667266845703,0.9144576191902161,0.8649075031280518,0.9078131318092346,0.8496026396751404,0.8520771265029907,0.8786687850952148,0.8723767995834351,0.8544682264328003,0.8758416771888733,0.8830129504203796,0.8758763670921326,0.8930484056472778,0.8660279512405396,0.8672094345092773,0.8678568005561829,0.8641262650489807,0.8874456882476807,0.8496026396751404,0.8788062334060669,0.8783058524131775,0.8714765310287476,0.9372479319572449,0.8799590468406677,0.8842073082923889,0.9247989654541016,0.9538105130195618,0.8883203864097595,0.942850649356842,0.9347233772277832,0.7822513580322266,0.8725536465644836,0.8873900175094604,0.8985730409622192,0.8854580521583557,0.8810415267944336,0.8527474999427795,0.8675625324249268,0.8723320960998535,0.8993033170700073
BiorxivClusteringS2S,0.9111778140068054,0.9139003753662109,0.8545474410057068,0.8749076724052429,0.8483346104621887,0.8755455613136292,0.9290119409561157,0.9290119409561157,0.9198922514915466,0.9198922514915466,0.9188441038131714,0.9201945066452026,0.9453719854354858,0.9565531611442566,0.9384621381759644,0.9999999403953552,0.9279764294624329,0.9682707190513611,0.9273788332939148,0.9292674660682678,0.9397923350334167,0.9037898182868958,0.9507690668106079,0.7521305084228516,0.8774093389511108,0.9051491618156433,0.898175835609436,0.8788741827011108,0.9745520353317261,0.9197582602500916,0.9147593975067139,0.8964840173721313,0.8843629360198975,0.9122307896614075,0.9139900803565979,0.8944020867347717,0.913551926612854,0.9188753366470337,0.911128044128418,0.923565149307251,0.8992398977279663,0.9039843082427979,0.9041688442230225,0.8961097002029419,0.9335931539535522,0.8964840173721313,0.9220610857009888,0.9312097430229187,0.9096160531044006,0.9406470060348511,0.9374184012413025,0.930925726890564,0.9657474756240845,0.9617788791656494,0.915169358253479,0.957700252532959,0.9307554960250854,0.844598650932312,0.9283256530761719,0.932389497756958,0.9405863881111145,0.9268279671669006,0.9138600826263428,0.9094533324241638,0.9075512886047363,0.9221967458724976,0.921167254447937
MedrxivClusteringP2P,0.8716050982475281,0.8740972876548767,0.8083184361457825,0.8394017219543457,0.8102065920829773,0.8384004235267639,0.8716907501220703,0.8716907501220703,0.8673161864280701,0.8673161864280701,0.871146023273468,0.8699737787246704,0.9198501706123352,0.8940218091011047,0.956779956817627,0.9279764294624329,0.9999998807907104,0.9557642936706543,0.8812946081161499,0.8938334584236145,0.894402801990509,0.8485972285270691,0.9003008604049683,0.7113694548606873,0.8280568718910217,0.87420654296875,0.8530390858650208,0.8247097730636597,0.9096218347549438,0.8582576513290405,0.9103243947029114,0.8590527176856995,0.8470963835716248,0.8777068257331848,0.8736319541931152,0.8565325140953064,0.8669453859329224,0.870018720626831,0.8732233643531799,0.9020135402679443,0.8579853177070618,0.8595551252365112,0.8668990731239319,0.8557989597320557,0.8835738897323608,0.8590527176856995,0.8795516490936279,0.8794113397598267,0.8779413104057312,0.9487459659576416,0.8801149129867554,0.8837840557098389,0.9216246008872986,0.9501500725746155,0.888805091381073,0.9613710641860962,0.9220839142799377,0.7837725281715393,0.8748796582221985,0.8852849006652832,0.899524986743927,0.8803415298461914,0.8795533776283264,0.853192925453186,0.8731187582015991,0.8726744651794434,0.9043846130371094
MedrxivClusteringS2S,0.8851615786552429,0.8870366811752319,0.8327248692512512,0.8544522523880005,0.8282783031463623,0.8527776598930359,0.9026644825935364,0.9026644825935364,0.8943023681640625,0.8943023681640625,0.8937941193580627,0.89603590965271,0.9335336685180664,0.9300719499588013,0.9311316013336182,0.9682707190513611,0.9557642936706543,0.9999999403953552,0.9053035378456116,0.9091455340385437,0.9207715392112732,0.8806784749031067,0.9318292140960693,0.7369350790977478,0.8536560535430908,0.8926279544830322,0.8838703632354736,0.8627454042434692,0.953004002571106,0.8977246284484863,0.9049397110939026,0.884668231010437,0.8621524572372437,0.886515200138092,0.8903034329414368,0.8818444013595581,0.8924626708030701,0.8929807543754578,0.8892922401428223,0.9127675890922546,0.8801870942115784,0.8826228976249695,0.8879578709602356,0.8784561157226562,0.9113901853561401,0.884668231010437,0.9016450047492981,0.9183295369148254,0.8957593441009521,0.9393429756164551,0.9159761667251587,0.9054452776908875,0.9564609527587891,0.9464058876037598,0.896754264831543,0.9670438766479492,0.9164301753044128,0.8197333216667175,0.908024787902832,0.9073441624641418,0.9192919135093689,0.90470290184021,0.8936593532562256,0.8826584219932556,0.895809531211853,0.8965899348258972,0.9074312448501587
RedditClustering,0.9361067414283752,0.9363611340522766,0.8771207332611084,0.9231041669845581,0.9020230770111084,0.8933579325675964,0.9533762335777283,0.9533762335777283,0.9499332308769226,0.9499332308769226,0.9509134292602539,0.9627991318702698,0.9047669172286987,0.9504541754722595,0.8793036341667175,0.9273788332939148,0.8812946081161499,0.9053035378456116,1.0,0.9636914730072021,0.9537168145179749,0.8936053514480591,0.9547697305679321,0.771812379360199,0.9131519198417664,0.9342699646949768,0.902423083782196,0.8822137117385864,0.935879111289978,0.9017000794410706,0.9085865616798401,0.9140297770500183,0.8902676105499268,0.928565263748169,0.9274815917015076,0.8728464841842651,0.8922913074493408,0.8964251279830933,0.8974623084068298,0.8893818259239197,0.8851460814476013,0.8965474367141724,0.8993308544158936,0.8881715536117554,0.9286068081855774,0.9140297770500183,0.9438943862915039,0.9391739964485168,0.9369815587997437,0.9039009809494019,0.9450920224189758,0.959994375705719,0.9040453433990479,0.8978421688079834,0.9354337453842163,0.89899742603302,0.8582507967948914,0.8789204955101013,0.9507595896720886,0.9454846978187561,0.964044988155365,0.9484242796897888,0.9516837000846863,0.9390854835510254,0.9249169826507568,0.9586203694343567,0.9392504096031189
RedditClusteringP2P,0.9444894790649414,0.9457828998565674,0.8643344044685364,0.925590991973877,0.9169633984565735,0.9051699042320251,0.9527404308319092,0.9527404308319092,0.9520930647850037,0.9520930647850037,0.9578840732574463,0.9685115814208984,0.9180348515510559,0.9541244506835938,0.8974093794822693,0.9292674660682678,0.8938334584236145,0.9091455340385437,0.9636914730072021,1.0000001192092896,0.9489050507545471,0.9091170430183411,0.9504086375236511,0.7593399882316589,0.9181907773017883,0.9331505298614502,0.9009460210800171,0.8788705468177795,0.9390465617179871,0.902940571308136,0.9276478886604309,0.8984732627868652,0.9011673927307129,0.9325352311134338,0.9371761083602905,0.8817288279533386,0.8999888896942139,0.9109740257263184,0.9104718565940857,0.901867687702179,0.8874367475509644,0.9019376039505005,0.9086974263191223,0.8998266458511353,0.92087322473526,0.8984732627868652,0.9436620473861694,0.931955099105835,0.9319586157798767,0.9122331738471985,0.9413416981697083,0.9608737826347351,0.9078938364982605,0.9097794890403748,0.9485433101654053,0.9055797457695007,0.8730185031890869,0.8813309073448181,0.9435673952102661,0.9429996013641357,0.96527099609375,0.9469503164291382,0.9470174312591553,0.9395745992660522,0.9250169992446899,0.9560426473617554,0.9494283199310303
StackExchangeClustering,0.9205214381217957,0.9190340638160706,0.8922589421272278,0.9119146466255188,0.8777654767036438,0.8781872391700745,0.9526662826538086,0.9526662826538086,0.9415560960769653,0.9415560960769653,0.939154326915741,0.9449712634086609,0.9226759076118469,0.9593493342399597,0.8921758532524109,0.9397923350334167,0.894402801990509,0.9207715392112732,0.9537168145179749,0.9489050507545471,0.9999999403953552,0.9163016676902771,0.9632638096809387,0.7653152346611023,0.8863519430160522,0.9227038025856018,0.920473575592041,0.8657011389732361,0.9519332051277161,0.9323137402534485,0.9170532822608948,0.9021029472351074,0.9093854427337646,0.9599207639694214,0.9356912970542908,0.9072699546813965,0.9264189600944519,0.9299076795578003,0.9368252158164978,0.9241059422492981,0.9255838990211487,0.9274458289146423,0.9290803074836731,0.9175654649734497,0.9289190769195557,0.9021029472351074,0.9526970386505127,0.9371076226234436,0.934260904788971,0.9154017567634583,0.9463439583778381,0.967335045337677,0.9253087043762207,0.9159756898880005,0.9310891032218933,0.9119280576705933,0.876883327960968,0.8612088561058044,0.9496986269950867,0.9500508308410645,0.9619574546813965,0.9489233493804932,0.9536707401275635,0.9245097041130066,0.9384429454803467,0.9446290731430054,0.9257869124412537
StackExchangeClusteringP2P,0.8694825768470764,0.8677751421928406,0.7934136986732483,0.8638715744018555,0.8238407969474792,0.8293363451957703,0.9006844758987427,0.9006844758987427,0.8926861882209778,0.8926861882209778,0.8850978016853333,0.8842088580131531,0.8873042464256287,0.9132787585258484,0.8562670350074768,0.9037898182868958,0.8485972285270691,0.8806784749031067,0.8936053514480591,0.9091170430183411,0.9163016676902771,0.9999999403953552,0.9050739407539368,0.7441107630729675,0.8436607122421265,0.8557848334312439,0.8838653564453125,0.8219260573387146,0.9194225668907166,0.918297290802002,0.8716145753860474,0.8466858863830566,0.9168010950088501,0.9102783799171448,0.9504308104515076,0.9322190880775452,0.939926028251648,0.9218308925628662,0.9459747672080994,0.9272336959838867,0.9189807772636414,0.9332571029663086,0.9323667287826538,0.9188860058784485,0.865909218788147,0.8466858863830566,0.9015153050422668,0.8845800161361694,0.8738407492637634,0.865176260471344,0.8900197744369507,0.9089018702507019,0.899509608745575,0.8790194392204285,0.876009464263916,0.8632569313049316,0.8407849073410034,0.8076320886611938,0.8901703953742981,0.8968315720558167,0.9036004543304443,0.8906463384628296,0.8955281376838684,0.8716039061546326,0.8718999028205872,0.8934082984924316,0.87904953956604
TwentyNewsgroupsClustering,0.927936851978302,0.9307129383087158,0.8788571953773499,0.9062290787696838,0.8720272779464722,0.8849860429763794,0.9625997543334961,0.9625997543334961,0.9499171376228333,0.9499171376228333,0.9539644122123718,0.957473874092102,0.9214056134223938,0.9759801030158997,0.8946423530578613,0.9507690668106079,0.9003008604049683,0.9318292140960693,0.9547697305679321,0.9504086375236511,0.9632638096809387,0.9050739407539368,1.0000001192092896,0.7655467987060547,0.9043189883232117,0.9265701770782471,0.9229085445404053,0.8874714374542236,0.962175726890564,0.9225630164146423,0.9156261682510376,0.9241911172866821,0.8967640995979309,0.9317466616630554,0.9298926591873169,0.888175904750824,0.901106059551239,0.9096159934997559,0.9153035879135132,0.9074497222900391,0.8974940180778503,0.9126835465431213,0.9110020995140076,0.8972079753875732,0.9430718421936035,0.9241911172866821,0.9498501420021057,0.9545242190361023,0.943306565284729,0.9156935811042786,0.9650863409042358,0.9623216986656189,0.9296791553497314,0.9186417460441589,0.9339285492897034,0.9249359369277954,0.8814013004302979,0.879280149936676,0.9567474722862244,0.9498928785324097,0.9652311205863953,0.9521862268447876,0.9399745464324951,0.9386094212532043,0.9347309470176697,0.9504886865615845,0.9389493465423584
SprintDuplicateQuestions,0.7448422908782959,0.7418009638786316,0.6903976202011108,0.7831484079360962,0.7159684896469116,0.6948404908180237,0.7721297740936279,0.7721297740936279,0.7859740853309631,0.7859740853309631,0.7365511655807495,0.7514926791191101,0.7285578846931458,0.7547072768211365,0.7087208032608032,0.7521305084228516,0.7113694548606873,0.7369350790977478,0.771812379360199,0.7593399882316589,0.7653152346611023,0.7441107630729675,0.7655467987060547,1.0000001192092896,0.7108128070831299,0.7352480292320251,0.7720503807067871,0.6729485392570496,0.7625035047531128,0.7492141723632812,0.7167574167251587,0.7223891615867615,0.7940370440483093,0.7370885610580444,0.7504194378852844,0.7442988157272339,0.7660002708435059,0.7272855639457703,0.7467317581176758,0.7388317584991455,0.7514438033103943,0.7605757713317871,0.7364763021469116,0.7487673163414001,0.7269722819328308,0.7223891615867615,0.7529628872871399,0.7362186312675476,0.7674270272254944,0.7220373749732971,0.7399367094039917,0.7632731795310974,0.740402340888977,0.7349553108215332,0.7392125129699707,0.7177295684814453,0.712036669254303,0.6801100373268127,0.7566519975662231,0.7461093068122864,0.7562764286994934,0.74090975522995,0.7517213821411133,0.7253054976463318,0.7493941187858582,0.7513360977172852,0.7284443974494934
TwitterSemEval2015,0.8848876357078552,0.8866813778877258,0.829818844795227,0.8524944186210632,0.8473405838012695,0.8515918254852295,0.9069065451622009,0.9069065451622009,0.9024993777275085,0.9024993777275085,0.9154583811759949,0.9206107258796692,0.849682629108429,0.9124619960784912,0.8287373781204224,0.8774093389511108,0.8280568718910217,0.8536560535430908,0.9131519198417664,0.9181907773017883,0.8863519430160522,0.8436607122421265,0.9043189883232117,0.7108128070831299,1.0,0.8765551447868347,0.8490984439849854,0.8362776637077332,0.8876252174377441,0.8500367999076843,0.8637065887451172,0.8542394042015076,0.8377655744552612,0.8568944334983826,0.8744352459907532,0.8095758557319641,0.8217236399650574,0.8345741033554077,0.8340392112731934,0.8295093774795532,0.8197506666183472,0.8345680236816406,0.8336871266365051,0.8268483281135559,0.8812722563743591,0.8542394042015076,0.8879868388175964,0.8985650539398193,0.8808208107948303,0.8472391366958618,0.8976626992225647,0.9045380353927612,0.8541281223297119,0.8465986251831055,0.8941338062286377,0.8519248962402344,0.8185410499572754,0.8878549337387085,0.9094604253768921,0.8995444178581238,0.9149953126907349,0.9032992720603943,0.8763034343719482,0.9204296469688416,0.8792893886566162,0.9244780540466309,0.920987069606781
TwitterURLCorpus,0.9181852340698242,0.9222720861434937,0.8436835408210754,0.8785852193832397,0.8711422085762024,0.8860101699829102,0.9225729703903198,0.9225729703903198,0.9156029224395752,0.9156029224395752,0.9275434613227844,0.9304682612419128,0.8937832117080688,0.9184166789054871,0.8686756491661072,0.9051491618156433,0.87420654296875,0.8926279544830322,0.9342699646949768,0.9331505298614502,0.9227038025856018,0.8557848334312439,0.9265701770782471,0.7352480292320251,0.8765551447868347,0.9999999403953552,0.8714816570281982,0.8772052526473999,0.9152761697769165,0.8724372982978821,0.9144514799118042,0.8842594623565674,0.8573910593986511,0.9045571088790894,0.8917332291603088,0.8425986766815186,0.8575678467750549,0.8722454309463501,0.8732454776763916,0.8640527129173279,0.8527172803878784,0.8612546324729919,0.87152498960495,0.8667789697647095,0.8917800784111023,0.8842594623565674,0.9199483394622803,0.9096399545669556,0.9038676619529724,0.8938794136047363,0.9211317300796509,0.9303578734397888,0.8930266499519348,0.8879072666168213,0.9263610243797302,0.8916494846343994,0.8485643863677979,0.8542071580886841,0.9259677529335022,0.9181943535804749,0.9424399137496948,0.9249746799468994,0.9261443614959717,0.9087364673614502,0.9015825986862183,0.9283378720283508,0.926887035369873
AskUbuntuDupQuestions,0.8771646618843079,0.8745728135108948,0.8549239039421082,0.8910298943519592,0.8389461040496826,0.8357095718383789,0.921728789806366,0.921728789806366,0.9076282382011414,0.9076282382011414,0.8940021991729736,0.9066123366355896,0.8850733637809753,0.9116992354393005,0.8585236072540283,0.898175835609436,0.8530390858650208,0.8838703632354736,0.902423083782196,0.9009460210800171,0.920473575592041,0.8838653564453125,0.9229085445404053,0.7720503807067871,0.8490984439849854,0.8714816570281982,0.9999999403953552,0.8271192312240601,0.9121510982513428,0.9237239956855774,0.874069333076477,0.8626706600189209,0.9023654460906982,0.8748583793640137,0.8971635103225708,0.8783930540084839,0.8864251375198364,0.8661698698997498,0.8830022215843201,0.8678272366523743,0.880608856678009,0.93036949634552,0.8850497603416443,0.8874524235725403,0.8765844106674194,0.8626706600189209,0.9054697155952454,0.8964870572090149,0.888830304145813,0.8649072647094727,0.8988544940948486,0.9126819968223572,0.8830411434173584,0.864525556564331,0.8846127390861511,0.8762941360473633,0.8330298662185669,0.8284757733345032,0.914065420627594,0.9060060381889343,0.9224478602409363,0.9142858386039734,0.9095703363418579,0.8892186880111694,0.8974651098251343,0.901841938495636,0.8834519982337952
MindSmallReranking,0.8432382345199585,0.8573817014694214,0.7972355484962463,0.8121806979179382,0.8027688264846802,0.8353019952774048,0.8853965401649475,0.8853965401649475,0.8778815865516663,0.8778815865516663,0.88185054063797,0.8845974802970886,0.8498433828353882,0.8834333419799805,0.8195667266845703,0.8788741827011108,0.8247097730636597,0.8627454042434692,0.8822137117385864,0.8788705468177795,0.8657011389732361,0.8219260573387146,0.8874714374542236,0.6729485392570496,0.8362776637077332,0.8772052526473999,0.8271192312240601,0.9999998807907104,0.8903162479400635,0.8392180800437927,0.8564772009849548,0.8417803645133972,0.8068230152130127,0.8346021175384521,0.8371538519859314,0.7987034916877747,0.8081290125846863,0.8156949281692505,0.8110246062278748,0.8064138293266296,0.8085086941719055,0.8037967681884766,0.8270236253738403,0.810706615447998,0.8491460084915161,0.8417803645133972,0.8699422478675842,0.8755338788032532,0.8483620285987854,0.8392335772514343,0.8892091512680054,0.8765057325363159,0.8636199235916138,0.8338578343391418,0.8729779720306396,0.8616792559623718,0.802665114402771,0.8343176245689392,0.873137354850769,0.8696905374526978,0.889416515827179,0.875885009765625,0.8529878854751587,0.8793433308601379,0.8625198602676392,0.8832800984382629,0.8852307796478271
SciDocsRR,0.9121214151382446,0.9169661998748779,0.8631322979927063,0.8894634246826172,0.8528178930282593,0.877151370048523,0.9450154900550842,0.9450154900550842,0.9327757358551025,0.9327757358551025,0.9295150637626648,0.9322013854980469,0.942658007144928,0.9691587686538696,0.9144576191902161,0.9745520353317261,0.9096218347549438,0.953004002571106,0.935879111289978,0.9390465617179871,0.9519332051277161,0.9194225668907166,0.962175726890564,0.7625035047531128,0.8876252174377441,0.9152761697769165,0.9121510982513428,0.8903162479400635,0.9999999403953552,0.9336423277854919,0.9188738465309143,0.8973691463470459,0.8964974880218506,0.9219396710395813,0.9212622046470642,0.9038124680519104,0.9215748310089111,0.9176410436630249,0.9275285005569458,0.9317771792411804,0.9046880602836609,0.9125511646270752,0.9187279343605042,0.907027006149292,0.932131826877594,0.8973691463470459,0.9359960556030273,0.9427277445793152,0.9200493097305298,0.918515145778656,0.94994056224823,0.943608820438385,0.9736051559448242,0.9353674650192261,0.9235967397689819,0.9372914433479309,0.8973731994628906,0.8585872650146484,0.9384756684303284,0.9367377161979675,0.9479785561561584,0.9355614185333252,0.9222978949546814,0.9234777092933655,0.9208407998085022,0.9328756928443909,0.9246395826339722
StackOverflowDupQuestions,0.8809256553649902,0.8784961700439453,0.8426644802093506,0.8714233040809631,0.8284692168235779,0.8337087631225586,0.9193835258483887,0.9193835258483887,0.9088919162750244,0.9088919162750244,0.8942537307739258,0.902407705783844,0.8952110409736633,0.9220894575119019,0.8649075031280518,0.9197582602500916,0.8582576513290405,0.8977246284484863,0.9017000794410706,0.902940571308136,0.9323137402534485,0.918297290802002,0.9225630164146423,0.7492141723632812,0.8500367999076843,0.8724372982978821,0.9237239956855774,0.8392180800437927,0.9336423277854919,1.0,0.8813484311103821,0.862632155418396,0.8961885571479797,0.8927103877067566,0.9056882858276367,0.9124735593795776,0.9236457943916321,0.8843101859092712,0.9159318804740906,0.9021614193916321,0.9091837406158447,0.9131677150726318,0.9141953587532043,0.9168320894241333,0.8864024877548218,0.862632155418396,0.9124810099601746,0.9039829969406128,0.8921213150024414,0.8695310950279236,0.9073175191879272,0.9127946496009827,0.9117957949638367,0.8792681694030762,0.8867591619491577,0.8783340454101562,0.8480639457702637,0.82960045337677,0.9093490242958069,0.9070543050765991,0.9182902574539185,0.9101777076721191,0.9040267467498779,0.8930013179779053,0.8990249037742615,0.9047304391860962,0.8860877752304077
